1,1,2,101,100
2,2,3,102,101
3,3,4,103,102
4,4,5,104,103
5,5,6,105,104
6,6,7,106,105
7,7,8,107,106
8,8,9,108,107
9,9,10,109,108
10,10,11,110,109
11,11,12,111,110
12,12,13,112,111
13,13,14,113,112
14,14,15,114,113
15,15,16,115,114
16,16,17,116,115
17,17,18,117,116
18,18,19,118,117
19,19,20,119,118
20,20,21,120,119
21,21,22,121,120
22,22,23,122,121
23,23,24,123,122
24,24,25,124,123
25,25,26,125,124
26,26,27,126,125
27,27,28,127,126
28,28,29,128,127
29,29,30,129,128
30,30,31,130,129
31,31,32,131,130
32,32,33,132,131
33,33,34,133,132
34,34,35,134,133
35,35,36,135,134
36,36,37,136,135
37,37,38,137,136
38,38,39,138,137
39,39,40,139,138
40,40,41,42,139
41,100,101,140,99
42,101,102,141,140
43,102,103,142,141
44,103,104,143,142
45,104,105,144,143
46,105,106,145,144
47,106,107,146,145
48,107,108,147,146
49,108,109,148,147
50,109,110,149,148
51,110,111,150,149
52,111,112,151,150
53,112,113,152,151
54,113,114,153,152
55,114,115,154,153
56,115,116,155,154
57,116,117,156,155
58,117,118,157,156
59,118,119,158,157
60,119,120,159,158
61,120,121,160,159
62,121,122,161,160
63,122,123,162,161
64,123,124,163,162
65,124,125,164,163
66,125,126,165,164
67,126,127,166,165
68,127,128,167,166
69,128,129,168,167
70,129,130,169,168
71,130,131,170,169
72,131,132,171,170
73,132,133,172,171
74,133,134,173,172
75,134,135,174,173
76,135,136,175,174
77,136,137,176,175
78,137,138,177,176
79,138,139,178,177
80,139,42,43,178
81,99,140,179,98
82,140,141,180,179
83,141,142,181,180
84,142,143,182,181
85,143,144,183,182
86,144,145,184,183
87,145,146,185,184
88,146,147,186,185
89,147,148,187,186
90,148,149,188,187
91,149,150,189,188
92,150,151,190,189
93,151,152,191,190
94,152,153,192,191
95,153,154,193,192
96,154,155,194,193
97,155,156,195,194
98,156,157,196,195
99,157,158,197,196
100,158,159,198,197
101,159,160,199,198
102,160,161,200,199
103,161,162,201,200
104,162,163,202,201
105,163,164,203,202
106,164,165,204,203
107,165,166,205,204
108,166,167,206,205
109,167,168,207,206
110,168,169,208,207
111,169,170,209,208
112,170,171,210,209
113,171,172,211,210
114,172,173,212,211
115,173,174,213,212
116,174,175,214,213
117,175,176,215,214
118,176,177,216,215
119,177,178,217,216
120,178,43,44,217
121,98,179,218,97
122,179,180,219,218
123,180,181,220,219
124,181,182,221,220
125,182,183,222,221
126,183,184,223,222
127,184,185,224,223
128,185,186,225,224
129,186,187,226,225
130,187,188,227,226
131,188,189,228,227
132,189,190,229,228
133,190,191,230,229
134,191,192,231,230
135,192,193,232,231
136,193,194,233,232
137,194,195,234,233
138,195,196,235,234
139,196,197,236,235
140,197,198,237,236
141,198,199,238,237
142,199,200,239,238
143,200,201,240,239
144,201,202,241,240
145,202,203,242,241
146,203,204,243,242
147,204,205,244,243
148,205,206,245,244
149,206,207,246,245
150,207,208,247,246
151,208,209,248,247
152,209,210,249,248
153,210,211,250,249
154,211,212,251,250
155,212,213,252,251
156,213,214,253,252
157,214,215,254,253
158,215,216,255,254
159,216,217,256,255
160,217,44,45,256
161,97,218,257,96
162,218,219,258,257
163,219,220,259,258
164,220,221,260,259
165,221,222,261,260
166,222,223,262,261
167,223,224,263,262
168,224,225,264,263
169,225,226,265,264
170,226,227,266,265
171,227,228,267,266
172,228,229,268,267
173,229,230,269,268
174,230,231,270,269
175,231,232,271,270
176,232,233,272,271
177,233,234,273,272
178,234,235,274,273
179,235,236,275,274
180,236,237,276,275
181,237,238,277,276
182,238,239,278,277
183,239,240,279,278
184,240,241,280,279
185,241,242,281,280
186,242,243,282,281
187,243,244,283,282
188,244,245,284,283
189,245,246,285,284
190,246,247,286,285
191,247,248,287,286
192,248,249,288,287
193,249,250,289,288
194,250,251,290,289
195,251,252,291,290
196,252,253,292,291
197,253,254,293,292
198,254,255,294,293
199,255,256,295,294
200,256,45,46,295
201,96,257,296,95
202,257,258,297,296
203,258,259,298,297
204,259,260,299,298
205,260,261,300,299
206,261,262,301,300
207,262,263,302,301
208,263,264,303,302
209,264,265,304,303
210,265,266,305,304
211,266,267,306,305
212,267,268,307,306
213,268,269,308,307
214,269,270,309,308
215,270,271,310,309
216,271,272,311,310
217,272,273,312,311
218,273,274,313,312
219,274,275,314,313
220,275,276,315,314
221,276,277,316,315
222,277,278,317,316
223,278,279,318,317
224,279,280,319,318
225,280,281,320,319
226,281,282,321,320
227,282,283,322,321
228,283,284,323,322
229,284,285,324,323
230,285,286,325,324
231,286,287,326,325
232,287,288,327,326
233,288,289,328,327
234,289,290,329,328
235,290,291,330,329
236,291,292,331,330
237,292,293,332,331
238,293,294,333,332
239,294,295,334,333
240,295,46,47,334
241,95,296,335,94
242,296,297,336,335
243,297,298,337,336
244,298,299,338,337
245,299,300,339,338
246,300,301,340,339
247,301,302,341,340
248,302,303,342,341
249,303,304,343,342
250,304,305,344,343
251,305,306,345,344
252,306,307,346,345
253,307,308,347,346
254,308,309,348,347
255,309,310,349,348
256,310,311,350,349
257,311,312,351,350
258,312,313,352,351
259,313,314,353,352
260,314,315,354,353
261,315,316,355,354
262,316,317,356,355
263,317,318,357,356
264,318,319,358,357
265,319,320,359,358
266,320,321,360,359
267,321,322,361,360
268,322,323,362,361
269,323,324,363,362
270,324,325,364,363
271,325,326,365,364
272,326,327,366,365
273,327,328,367,366
274,328,329,368,367
275,329,330,369,368
276,330,331,370,369
277,331,332,371,370
278,332,333,372,371
279,333,334,373,372
280,334,47,48,373
281,94,335,374,93
282,335,336,375,374
283,336,337,376,375
284,337,338,377,376
285,338,339,378,377
286,339,340,379,378
287,340,341,380,379
288,341,342,381,380
289,342,343,382,381
290,343,344,383,382
291,344,345,384,383
292,345,346,385,384
293,346,347,386,385
294,347,348,387,386
295,348,349,388,387
296,349,350,389,388
297,350,351,390,389
298,351,352,391,390
299,352,353,392,391
300,353,354,393,392
301,354,355,394,393
302,355,356,395,394
303,356,357,396,395
304,357,358,397,396
305,358,359,398,397
306,359,360,399,398
307,360,361,400,399
308,361,362,401,400
309,362,363,402,401
310,363,364,403,402
311,364,365,404,403
312,365,366,405,404
313,366,367,406,405
314,367,368,407,406
315,368,369,408,407
316,369,370,409,408
317,370,371,410,409
318,371,372,411,410
319,372,373,412,411
320,373,48,49,412
321,93,374,413,92
322,374,375,414,413
323,375,376,415,414
324,376,377,416,415
325,377,378,417,416
326,378,379,418,417
327,379,380,419,418
328,380,381,420,419
329,381,382,421,420
330,382,383,422,421
331,383,384,423,422
332,384,385,424,423
333,385,386,425,424
334,386,387,426,425
335,387,388,427,426
336,388,389,428,427
337,389,390,429,428
338,390,391,430,429
339,391,392,431,430
340,392,393,432,431
341,393,394,433,432
342,394,395,434,433
343,395,396,435,434
344,396,397,436,435
345,397,398,437,436
346,398,399,438,437
347,399,400,439,438
348,400,401,440,439
349,401,402,441,440
350,402,403,442,441
351,403,404,443,442
352,404,405,444,443
353,405,406,445,444
354,406,407,446,445
355,407,408,447,446
356,408,409,448,447
357,409,410,449,448
358,410,411,450,449
359,411,412,451,450
360,412,49,50,451
361,92,413,90,91
362,413,414,89,90
363,414,415,88,89
364,415,416,87,88
365,416,417,86,87
366,417,418,85,86
367,418,419,84,85
368,419,420,83,84
369,420,421,82,83
370,421,422,81,82
371,422,423,80,81
372,423,424,79,80
373,424,425,78,79
374,425,426,77,78
375,426,427,76,77
376,427,428,75,76
377,428,429,74,75
378,429,430,73,74
379,430,431,72,73
380,431,432,71,72
381,432,433,70,71
382,433,434,69,70
383,434,435,68,69
384,435,436,67,68
385,436,437,66,67
386,437,438,65,66
387,438,439,64,65
388,439,440,63,64
389,440,441,62,63
390,441,442,61,62
391,442,443,60,61
392,443,444,59,60
393,444,445,58,59
394,445,446,57,58
395,446,447,56,57
396,447,448,55,56
397,448,449,54,55
398,449,450,53,54
399,450,451,52,53
400,451,50,51,52
401,91,90,511,510
402,90,89,512,511
403,89,88,513,512
404,88,87,514,513
405,87,86,515,514
406,86,85,516,515
407,85,84,517,516
408,84,83,518,517
409,83,82,519,518
410,82,81,520,519
411,81,80,521,520
412,80,79,522,521
413,79,78,523,522
414,78,77,524,523
415,77,76,525,524
416,76,75,526,525
417,75,74,527,526
418,74,73,528,527
419,73,72,529,528
420,72,71,452,529
421,510,511,530,509
422,511,512,531,530
423,512,513,532,531
424,513,514,533,532
425,514,515,534,533
426,515,516,535,534
427,516,517,536,535
428,517,518,537,536
429,518,519,538,537
430,519,520,539,538
431,520,521,540,539
432,521,522,541,540
433,522,523,542,541
434,523,524,543,542
435,524,525,544,543
436,525,526,545,544
437,526,527,546,545
438,527,528,547,546
439,528,529,548,547
440,529,452,453,548
441,509,530,549,508
442,530,531,550,549
443,531,532,551,550
444,532,533,552,551
445,533,534,553,552
446,534,535,554,553
447,535,536,555,554
448,536,537,556,555
449,537,538,557,556
450,538,539,558,557
451,539,540,559,558
452,540,541,560,559
453,541,542,561,560
454,542,543,562,561
455,543,544,563,562
456,544,545,564,563
457,545,546,565,564
458,546,547,566,565
459,547,548,567,566
460,548,453,454,567
461,508,549,568,507
462,549,550,569,568
463,550,551,570,569
464,551,552,571,570
465,552,553,572,571
466,553,554,573,572
467,554,555,574,573
468,555,556,575,574
469,556,557,576,575
470,557,558,577,576
471,558,559,578,577
472,559,560,579,578
473,560,561,580,579
474,561,562,581,580
475,562,563,582,581
476,563,564,583,582
477,564,565,584,583
478,565,566,585,584
479,566,567,586,585
480,567,454,455,586
481,507,568,587,506
482,568,569,588,587
483,569,570,589,588
484,570,571,590,589
485,571,572,591,590
486,572,573,592,591
487,573,574,593,592
488,574,575,594,593
489,575,576,595,594
490,576,577,596,595
491,577,578,597,596
492,578,579,598,597
493,579,580,599,598
494,580,581,600,599
495,581,582,601,600
496,582,583,602,601
497,583,584,603,602
498,584,585,604,603
499,585,586,605,604
500,586,455,456,605
501,506,587,606,505
502,587,588,607,606
503,588,589,608,607
504,589,590,609,608
505,590,591,610,609
506,591,592,611,610
507,592,593,612,611
508,593,594,613,612
509,594,595,614,613
510,595,596,615,614
511,596,597,616,615
512,597,598,617,616
513,598,599,618,617
514,599,600,619,618
515,600,601,620,619
516,601,602,621,620
517,602,603,622,621
518,603,604,623,622
519,604,605,624,623
520,605,456,457,624
521,505,606,625,504
522,606,607,626,625
523,607,608,627,626
524,608,609,628,627
525,609,610,629,628
526,610,611,630,629
527,611,612,631,630
528,612,613,632,631
529,613,614,633,632
530,614,615,634,633
531,615,616,635,634
532,616,617,636,635
533,617,618,637,636
534,618,619,638,637
535,619,620,639,638
536,620,621,640,639
537,621,622,641,640
538,622,623,642,641
539,623,624,643,642
540,624,457,458,643
541,504,625,644,503
542,625,626,645,644
543,626,627,646,645
544,627,628,647,646
545,628,629,648,647
546,629,630,649,648
547,630,631,650,649
548,631,632,651,650
549,632,633,652,651
550,633,634,653,652
551,634,635,654,653
552,635,636,655,654
553,636,637,656,655
554,637,638,657,656
555,638,639,658,657
556,639,640,659,658
557,640,641,660,659
558,641,642,661,660
559,642,643,662,661
560,643,458,459,662
561,503,644,663,502
562,644,645,664,663
563,645,646,665,664
564,646,647,666,665
565,647,648,667,666
566,648,649,668,667
567,649,650,669,668
568,650,651,670,669
569,651,652,671,670
570,652,653,672,671
571,653,654,673,672
572,654,655,674,673
573,655,656,675,674
574,656,657,676,675
575,657,658,677,676
576,658,659,678,677
577,659,660,679,678
578,660,661,680,679
579,661,662,681,680
580,662,459,460,681
581,502,663,682,501
582,663,664,683,682
583,664,665,684,683
584,665,666,685,684
585,666,667,686,685
586,667,668,687,686
587,668,669,688,687
588,669,670,689,688
589,670,671,690,689
590,671,672,691,690
591,672,673,692,691
592,673,674,693,692
593,674,675,694,693
594,675,676,695,694
595,676,677,696,695
596,677,678,697,696
597,678,679,698,697
598,679,680,699,698
599,680,681,700,699
600,681,460,461,700
601,501,682,701,500
602,682,683,702,701
603,683,684,703,702
604,684,685,704,703
605,685,686,705,704
606,686,687,706,705
607,687,688,707,706
608,688,689,708,707
609,689,690,709,708
610,690,691,710,709
611,691,692,711,710
612,692,693,712,711
613,693,694,713,712
614,694,695,714,713
615,695,696,715,714
616,696,697,716,715
617,697,698,717,716
618,698,699,718,717
619,699,700,719,718
620,700,461,462,719
621,500,701,720,499
622,701,702,721,720
623,702,703,722,721
624,703,704,723,722
625,704,705,724,723
626,705,706,725,724
627,706,707,726,725
628,707,708,727,726
629,708,709,728,727
630,709,710,729,728
631,710,711,730,729
632,711,712,731,730
633,712,713,732,731
634,713,714,733,732
635,714,715,734,733
636,715,716,735,734
637,716,717,736,735
638,717,718,737,736
639,718,719,738,737
640,719,462,463,738
641,499,720,739,498
642,720,721,740,739
643,721,722,741,740
644,722,723,742,741
645,723,724,743,742
646,724,725,744,743
647,725,726,745,744
648,726,727,746,745
649,727,728,747,746
650,728,729,748,747
651,729,730,749,748
652,730,731,750,749
653,731,732,751,750
654,732,733,752,751
655,733,734,753,752
656,734,735,754,753
657,735,736,755,754
658,736,737,756,755
659,737,738,757,756
660,738,463,464,757
661,498,739,758,497
662,739,740,759,758
663,740,741,760,759
664,741,742,761,760
665,742,743,762,761
666,743,744,763,762
667,744,745,764,763
668,745,746,765,764
669,746,747,766,765
670,747,748,767,766
671,748,749,768,767
672,749,750,769,768
673,750,751,770,769
674,751,752,771,770
675,752,753,772,771
676,753,754,773,772
677,754,755,774,773
678,755,756,775,774
679,756,757,776,775
680,757,464,465,776
681,497,758,777,496
682,758,759,778,777
683,759,760,779,778
684,760,761,780,779
685,761,762,781,780
686,762,763,782,781
687,763,764,783,782
688,764,765,784,783
689,765,766,785,784
690,766,767,786,785
691,767,768,787,786
692,768,769,788,787
693,769,770,789,788
694,770,771,790,789
695,771,772,791,790
696,772,773,792,791
697,773,774,793,792
698,774,775,794,793
699,775,776,795,794
700,776,465,466,795
701,496,777,796,495
702,777,778,797,796
703,778,779,798,797
704,779,780,799,798
705,780,781,800,799
706,781,782,801,800
707,782,783,802,801
708,783,784,803,802
709,784,785,804,803
710,785,786,805,804
711,786,787,806,805
712,787,788,807,806
713,788,789,808,807
714,789,790,809,808
715,790,791,810,809
716,791,792,811,810
717,792,793,812,811
718,793,794,813,812
719,794,795,814,813
720,795,466,467,814
721,495,796,815,494
722,796,797,816,815
723,797,798,817,816
724,798,799,818,817
725,799,800,819,818
726,800,801,820,819
727,801,802,821,820
728,802,803,822,821
729,803,804,823,822
730,804,805,824,823
731,805,806,825,824
732,806,807,826,825
733,807,808,827,826
734,808,809,828,827
735,809,810,829,828
736,810,811,830,829
737,811,812,831,830
738,812,813,832,831
739,813,814,833,832
740,814,467,468,833
741,494,815,834,493
742,815,816,835,834
743,816,817,836,835
744,817,818,837,836
745,818,819,838,837
746,819,820,839,838
747,820,821,840,839
748,821,822,841,840
749,822,823,842,841
750,823,824,843,842
751,824,825,844,843
752,825,826,845,844
753,826,827,846,845
754,827,828,847,846
755,828,829,848,847
756,829,830,849,848
757,830,831,850,849
758,831,832,851,850
759,832,833,852,851
760,833,468,469,852
761,493,834,853,492
762,834,835,854,853
763,835,836,855,854
764,836,837,856,855
765,837,838,857,856
766,838,839,858,857
767,839,840,859,858
768,840,841,860,859
769,841,842,861,860
770,842,843,862,861
771,843,844,863,862
772,844,845,864,863
773,845,846,865,864
774,846,847,866,865
775,847,848,867,866
776,848,849,868,867
777,849,850,869,868
778,850,851,870,869
779,851,852,871,870
780,852,469,470,871
781,492,853,490,491
782,853,854,489,490
783,854,855,488,489
784,855,856,487,488
785,856,857,486,487
786,857,858,485,486
787,858,859,484,485
788,859,860,483,484
789,860,861,482,483
790,861,862,481,482
791,862,863,480,481
792,863,864,479,480
793,864,865,478,479
794,865,866,477,478
795,866,867,476,477
796,867,868,475,476
797,868,869,474,475
798,869,870,473,474
799,870,871,472,473
800,871,470,471,472
