1,120,50,0
2,119.9846,50.7852,0
3,119.9383,51.56918,0
4,119.8614,52.35075,0
5,119.7538,53.12869,0
6,119.6157,53.90181,0
7,119.4474,54.66891,0
8,119.2491,55.42881,0
9,119.0211,56.18034,0
10,118.7638,56.92234,0
11,118.4776,57.65367,0
12,118.1629,58.37319,0
13,117.8201,59.07981,0
14,117.4499,59.77242,0
15,117.0528,60.44997,0
16,116.6294,61.1114,0
17,116.1803,61.75571,0
18,115.7063,62.38188,0
19,115.2081,62.98896,0
20,114.6865,63.57601,0
21,114.1421,64.14214,0
22,113.576,64.68645,0
23,112.989,65.20812,0
24,112.3819,65.70634,0
25,111.7557,66.18034,0
26,111.1114,66.62939,0
27,110.45,67.0528,0
28,109.7724,67.44992,0
29,109.0798,67.82013,0
30,108.3732,68.16286,0
31,107.6537,68.47759,0
32,106.9223,68.76383,0
33,106.1803,69.02113,0
34,105.4288,69.2491,0
35,104.6689,69.4474,0
36,103.9018,69.61571,0
37,103.1287,69.75377,0
38,102.3507,69.86137,0
39,101.5692,69.93835,0
40,100.7852,69.98458,0
41,100,70,0
42,100,73,0
43,100,76,0
44,100,79,0
45,100,82,0
46,100,85,0
47,100,88,0
48,100,91,0
49,100,94,0
50,100,97,0
51,100,100,0
52,102,100,0
53,104,100,0
54,106,100,0
55,108,100,0
56,110,100,0
57,112,100,0
58,114,100,0
59,116,100,0
60,118,100,0
61,120,100,0
62,122,100,0
63,124,100,0
64,126,100,0
65,128,100,0
66,130,100,0
67,132,100,0
68,134,100,0
69,136,100,0
70,138,100,0
71,140,100,0
72,140,97.5,0
73,140,95,0
74,140,92.5,0
75,140,90,0
76,140,87.5,0
77,140,85,0
78,140,82.5,0
79,140,80,0
80,140,77.5,0
81,140,75,0
82,140,72.5,0
83,140,70,0
84,140,67.5,0
85,140,65,0
86,140,62.5,0
87,140,60,0
88,140,57.5,0
89,140,55,0
90,140,52.5,0
91,140,50,0
92,138,50,0
93,136,50,0
94,134,50,0
95,132,50,0
96,130,50,0
97,128,50,0
98,126,50,0
99,124,50,0
100,122,50,0
101,121.9861,50.95668,0
102,121.9445,51.91226,0
103,121.8752,52.86567,0
104,121.7784,53.81582,0
105,121.6541,54.76163,0
106,121.5027,55.70202,0
107,121.3242,56.63593,0
108,121.119,57.56231,0
109,120.8874,58.48011,0
110,120.6298,59.3883,0
111,120.3466,60.28588,0
112,120.0381,61.17183,0
113,119.7049,62.04518,0
114,119.3475,62.90497,0
115,118.9665,63.75026,0
116,118.5623,64.58013,0
117,118.1357,65.39369,0
118,117.6873,66.19006,0
119,117.2178,66.96841,0
120,116.7279,67.72792,0
121,116.0184,68.21781,0
122,115.2901,68.68731,0
123,114.5437,69.1357,0
124,113.7801,69.56231,0
125,113.0003,69.96645,0
126,112.205,70.34752,0
127,111.3952,70.70493,0
128,110.5718,71.03812,0
129,109.7359,71.34658,0
130,108.8883,71.62983,0
131,108.0301,71.88744,0
132,107.1623,72.11902,0
133,106.2859,72.32419,0
134,105.402,72.50266,0
135,104.5116,72.65414,0
136,103.6158,72.77839,0
137,102.7157,72.87523,0
138,101.8123,72.94451,0
139,100.9067,72.98612,0
140,123.9877,51.12816,0
141,123.9507,52.25535,0
142,123.8891,53.3806,0
143,123.803,54.50295,0
144,123.6926,55.62145,0
145,123.5579,56.73513,0
146,123.3993,57.84305,0
147,123.2169,58.94427,0
148,123.0111,60.03787,0
149,122.7821,61.12293,0
150,122.5303,62.19856,0
151,122.2561,63.26385,0
152,121.9599,64.31794,0
153,121.6422,65.35998,0
154,121.3035,66.38912,0
155,120.9443,67.40456,0
156,120.5651,68.4055,0
157,120.1665,69.39117,0
158,119.7492,70.36081,0
159,119.3137,71.31371,0
160,118.4608,71.74916,0
161,117.5912,72.1665,0
162,116.7055,72.56507,0
163,115.8046,72.94427,0
164,114.8891,73.30351,0
165,113.96,73.64224,0
166,113.0179,73.95994,0
167,112.0638,74.2561,0
168,111.0986,74.53029,0
169,110.1229,74.78207,0
170,109.1379,75.01106,0
171,108.1443,75.2169,0
172,107.143,75.39928,0
173,106.1351,75.55792,0
174,105.1214,75.69256,0
175,104.103,75.80301,0
176,103.0806,75.8891,0
177,102.0553,75.95068,0
178,101.0282,75.98766,0
179,125.9892,51.29964,0
180,125.9568,52.59843,0
181,125.903,53.89552,0
182,125.8276,55.19008,0
183,125.731,56.48126,0
184,125.6132,57.76824,0
185,125.4744,59.05017,0
186,125.3148,60.32624,0
187,125.1347,61.59564,0
188,124.9343,62.85757,0
189,124.714,64.11124,0
190,124.4741,65.35587,0
191,124.2149,66.5907,0
192,123.937,67.81498,0
193,123.6406,69.02798,0
194,123.3262,70.22899,0
195,122.9944,71.41732,0
196,122.6457,72.59227,0
197,122.2805,73.75321,0
198,121.8995,74.89949,0
199,120.9032,75.28052,0
200,119.8923,75.64568,0
201,118.8673,75.99444,0
202,117.829,76.32624,0
203,116.778,76.64057,0
204,115.715,76.93696,0
205,114.6407,77.21494,0
206,113.5559,77.47409,0
207,112.4612,77.714,0
208,111.3576,77.93431,0
209,110.2456,78.13468,0
210,109.1262,78.31479,0
211,108.0002,78.47437,0
212,106.8682,78.61318,0
213,105.7313,78.73099,0
214,104.5901,78.82764,0
215,103.4455,78.90296,0
216,102.2984,78.95684,0
217,101.1496,78.98921,0
218,127.9907,51.47112,0
219,127.963,52.94151,0
220,127.9168,54.41045,0
221,127.8523,55.87721,0
222,127.7694,57.34108,0
223,127.6684,58.80134,0
224,127.5495,60.25729,0
225,127.4127,61.7082,0
226,127.2583,63.1534,0
227,127.0866,64.5922,0
228,126.8977,66.02392,0
229,126.6921,67.44789,0
230,126.47,68.86345,0
231,126.2317,70.26998,0
232,125.9776,71.66684,0
233,125.7082,73.05342,0
234,125.4238,74.42913,0
235,125.1249,75.79338,0
236,124.8119,77.14561,0
237,124.4853,78.48528,0
238,123.3456,78.81187,0
239,122.1934,79.12487,0
240,121.0291,79.4238,0
241,119.8534,79.7082,0
242,118.6668,79.97764,0
243,117.47,80.23168,0
244,116.2635,80.46995,0
245,115.0479,80.69208,0
246,113.8239,80.89772,0
247,112.5922,81.08655,0
248,111.3534,81.2583,0
249,110.1082,81.41268,0
250,108.8573,81.54946,0
251,107.6013,81.66844,0
252,106.3411,81.76942,0
253,105.0772,81.85226,0
254,103.8104,81.91682,0
255,102.5415,81.96301,0
256,101.2711,81.99075,0
257,129.9923,51.6426,0
258,129.9692,53.28459,0
259,129.9307,54.92537,0
260,129.8769,56.56434,0
261,129.8079,58.2009,0
262,129.7237,59.83445,0
263,129.6246,61.4644,0
264,129.5106,63.09017,0
265,129.3819,64.71117,0
266,129.2388,66.32683,0
267,129.0814,67.9366,0
268,128.9101,69.5399,0
269,128.725,71.13621,0
270,128.5264,72.72499,0
271,128.3147,74.3057,0
272,128.0902,75.87785,0
273,127.8532,77.44094,0
274,127.6041,78.99448,0
275,127.3432,80.53801,0
276,127.0711,82.07107,0
277,125.788,82.34323,0
278,124.4945,82.60406,0
279,123.1909,82.85317,0
280,121.8779,83.09017,0
281,120.5557,83.3147,0
282,119.225,83.5264,0
283,117.8862,83.72496,0
284,116.5399,83.91007,0
285,115.1866,84.08143,0
286,113.8268,84.2388,0
287,112.4612,84.38191,0
288,111.0902,84.51057,0
289,109.7144,84.62455,0
290,108.3345,84.7237,0
291,106.9509,84.80785,0
292,105.5643,84.87688,0
293,104.1754,84.93068,0
294,102.7846,84.96917,0
295,101.3926,84.99229,0
296,131.9938,51.81408,0
297,131.9753,53.62767,0
298,131.9445,55.4403,0
299,131.9015,57.25148,0
300,131.8463,59.06072,0
301,131.779,60.86756,0
302,131.6996,62.67152,0
303,131.6085,64.47214,0
304,131.5055,66.26894,0
305,131.391,68.06147,0
306,131.2651,69.84928,0
307,131.1281,71.63192,0
308,130.98,73.40897,0
309,130.8211,75.17999,0
310,130.6518,76.94456,0
311,130.4721,78.70228,0
312,130.2825,80.45275,0
313,130.0832,82.19558,0
314,129.8746,83.93041,0
315,129.6569,85.65685,0
316,128.2304,85.87458,0
317,126.7956,86.08325,0
318,125.3528,86.28254,0
319,123.9023,86.47214,0
320,122.4446,86.65176,0
321,120.98,86.82112,0
322,119.509,86.97997,0
323,118.0319,87.12805,0
324,116.5493,87.26515,0
325,115.0615,87.39104,0
326,113.5689,87.50553,0
327,112.0721,87.60845,0
328,110.5715,87.69964,0
329,109.0676,87.77896,0
330,107.5607,87.84628,0
331,106.0515,87.90151,0
332,104.5403,87.94455,0
333,103.0277,87.97534,0
334,101.5141,87.99383,0
335,133.9954,51.98556,0
336,133.9815,53.97075,0
337,133.9584,55.95522,0
338,133.9261,57.93861,0
339,133.8847,59.92054,0
340,133.8342,61.90067,0
341,133.7747,63.87864,0
342,133.7063,65.8541,0
343,133.6291,67.8267,0
344,133.5433,69.7961,0
345,133.4489,71.76196,0
346,133.346,73.72394,0
347,133.235,75.68173,0
348,133.1158,77.63499,0
349,132.9888,79.58342,0
350,132.8541,81.52671,0
351,132.7119,83.46456,0
352,132.5624,85.39669,0
353,132.4059,87.3228,0
354,132.2426,89.24264,0
355,130.6728,89.40594,0
356,129.0967,89.56244,0
357,127.5146,89.7119,0
358,125.9267,89.8541,0
359,124.3334,89.98882,0
360,122.735,90.11584,0
361,121.1317,90.23498,0
362,119.5239,90.34604,0
363,117.912,90.44886,0
364,116.2961,90.54328,0
365,114.6767,90.62915,0
366,113.0541,90.70634,0
367,111.4286,90.77473,0
368,109.8007,90.83422,0
369,108.1705,90.88471,0
370,106.5386,90.92613,0
371,104.9052,90.95841,0
372,103.2708,90.9815,0
373,101.6356,90.99537,0
374,135.9969,52.15704,0
375,135.9877,54.31384,0
376,135.9723,56.47015,0
377,135.9508,58.62574,0
378,135.9231,60.78036,0
379,135.8895,62.93378,0
380,135.8498,65.08576,0
381,135.8042,67.23607,0
382,135.7528,69.38447,0
383,135.6955,71.53073,0
384,135.6326,73.67464,0
385,135.564,75.81596,0
386,135.49,77.95448,0
387,135.4106,80.08999,0
388,135.3259,82.22228,0
389,135.2361,84.35114,0
390,135.1413,86.47638,0
391,135.0416,88.59779,0
392,134.9373,90.7152,0
393,134.8284,92.82843,0
394,133.1152,92.93729,0
395,131.3978,93.04162,0
396,129.6764,93.14127,0
397,127.9511,93.23607,0
398,126.2223,93.32588,0
399,124.49,93.41056,0
400,122.7545,93.48998,0
401,121.016,93.56403,0
402,119.2746,93.63257,0
403,117.5307,93.69552,0
404,115.7845,93.75277,0
405,114.0361,93.80423,0
406,112.2858,93.84982,0
407,110.5338,93.88948,0
408,108.7804,93.92314,0
409,107.0257,93.95075,0
410,105.2701,93.97227,0
411,103.5138,93.98767,0
412,101.757,93.99692,0
413,137.9985,52.32852,0
414,137.9938,54.65692,0
415,137.9861,56.98507,0
416,137.9754,59.31287,0
417,137.9616,61.64018,0
418,137.9447,63.96689,0
419,137.9249,66.29288,0
420,137.9021,68.61803,0
421,137.8764,70.94223,0
422,137.8478,73.26537,0
423,137.8163,75.58732,0
424,137.782,77.90798,0
425,137.745,80.22724,0
426,137.7053,82.545,0
427,137.6629,84.86114,0
428,137.618,87.17557,0
429,137.5706,89.48819,0
430,137.5208,91.7989,0
431,137.4686,94.1076,0
432,137.4142,96.41421,0
433,135.5576,96.46865,0
434,133.6989,96.52081,0
435,131.8382,96.57063,0
436,129.9756,96.61803,0
437,128.1111,96.66294,0
438,126.245,96.70528,0
439,124.3772,96.74499,0
440,122.508,96.78201,0
441,120.6373,96.81629,0
442,118.7654,96.84776,0
443,116.8922,96.87638,0
444,115.018,96.90211,0
445,113.1429,96.92491,0
446,111.2669,96.94474,0
447,109.3902,96.96157,0
448,107.5129,96.97538,0
449,105.6351,96.98614,0
450,103.7569,96.99383,0
451,101.8785,96.99846,0
452,143,100,0
453,146,100,0
454,149,100,0
455,152,100,0
456,155,100,0
457,158,100,0
458,161,100,0
459,164,100,0
460,167,100,0
461,170,100,0
462,173,100,0
463,176,100,0
464,179,100,0
465,182,100,0
466,185,100,0
467,188,100,0
468,191,100,0
469,194,100,0
470,197,100,0
471,200,100,0
472,200,97.5,0
473,200,95,0
474,200,92.5,0
475,200,90,0
476,200,87.5,0
477,200,85,0
478,200,82.5,0
479,200,80,0
480,200,77.5,0
481,200,75,0
482,200,72.5,0
483,200,70,0
484,200,67.5,0
485,200,65,0
486,200,62.5,0
487,200,60,0
488,200,57.5,0
489,200,55,0
490,200,52.5,0
491,200,50,0
492,197,50,0
493,194,50,0
494,191,50,0
495,188,50,0
496,185,50,0
497,182,50,0
498,179,50,0
499,176,50,0
500,173,50,0
501,170,50,0
502,167,50,0
503,164,50,0
504,161,50,0
505,158,50,0
506,155,50,0
507,152,50,0
508,149,50,0
509,146,50,0
510,143,50,0
511,143,52.5,0
512,143,55,0
513,143,57.5,0
514,143,60,0
515,143,62.5,0
516,143,65,0
517,143,67.5,0
518,143,70,0
519,143,72.5,0
520,143,75,0
521,143,77.5,0
522,143,80,0
523,143,82.5,0
524,143,85,0
525,143,87.5,0
526,143,90,0
527,143,92.5,0
528,143,95,0
529,143,97.5,0
530,146,52.5,0
531,146,55,0
532,146,57.5,0
533,146,60,0
534,146,62.5,0
535,146,65,0
536,146,67.5,0
537,146,70,0
538,146,72.5,0
539,146,75,0
540,146,77.5,0
541,146,80,0
542,146,82.5,0
543,146,85,0
544,146,87.5,0
545,146,90,0
546,146,92.5,0
547,146,95,0
548,146,97.5,0
549,149,52.5,0
550,149,55,0
551,149,57.5,0
552,149,60,0
553,149,62.5,0
554,149,65,0
555,149,67.5,0
556,149,70,0
557,149,72.5,0
558,149,75,0
559,149,77.5,0
560,149,80,0
561,149,82.5,0
562,149,85,0
563,149,87.5,0
564,149,90,0
565,149,92.5,0
566,149,95,0
567,149,97.5,0
568,152,52.5,0
569,152,55,0
570,152,57.5,0
571,152,60,0
572,152,62.5,0
573,152,65,0
574,152,67.5,0
575,152,70,0
576,152,72.5,0
577,152,75,0
578,152,77.5,0
579,152,80,0
580,152,82.5,0
581,152,85,0
582,152,87.5,0
583,152,90,0
584,152,92.5,0
585,152,95,0
586,152,97.5,0
587,155,52.5,0
588,155,55,0
589,155,57.5,0
590,155,60,0
591,155,62.5,0
592,155,65,0
593,155,67.5,0
594,155,70,0
595,155,72.5,0
596,155,75,0
597,155,77.5,0
598,155,80,0
599,155,82.5,0
600,155,85,0
601,155,87.5,0
602,155,90,0
603,155,92.5,0
604,155,95,0
605,155,97.5,0
606,158,52.5,0
607,158,55,0
608,158,57.5,0
609,158,60,0
610,158,62.5,0
611,158,65,0
612,158,67.5,0
613,158,70,0
614,158,72.5,0
615,158,75,0
616,158,77.5,0
617,158,80,0
618,158,82.5,0
619,158,85,0
620,158,87.5,0
621,158,90,0
622,158,92.5,0
623,158,95,0
624,158,97.5,0
625,161,52.5,0
626,161,55,0
627,161,57.5,0
628,161,60,0
629,161,62.5,0
630,161,65,0
631,161,67.5,0
632,161,70,0
633,161,72.5,0
634,161,75,0
635,161,77.5,0
636,161,80,0
637,161,82.5,0
638,161,85,0
639,161,87.5,0
640,161,90,0
641,161,92.5,0
642,161,95,0
643,161,97.5,0
644,164,52.5,0
645,164,55,0
646,164,57.5,0
647,164,60,0
648,164,62.5,0
649,164,65,0
650,164,67.5,0
651,164,70,0
652,164,72.5,0
653,164,75,0
654,164,77.5,0
655,164,80,0
656,164,82.5,0
657,164,85,0
658,164,87.5,0
659,164,90,0
660,164,92.5,0
661,164,95,0
662,164,97.5,0
663,167,52.5,0
664,167,55,0
665,167,57.5,0
666,167,60,0
667,167,62.5,0
668,167,65,0
669,167,67.5,0
670,167,70,0
671,167,72.5,0
672,167,75,0
673,167,77.5,0
674,167,80,0
675,167,82.5,0
676,167,85,0
677,167,87.5,0
678,167,90,0
679,167,92.5,0
680,167,95,0
681,167,97.5,0
682,170,52.5,0
683,170,55,0
684,170,57.5,0
685,170,60,0
686,170,62.5,0
687,170,65,0
688,170,67.5,0
689,170,70,0
690,170,72.5,0
691,170,75,0
692,170,77.5,0
693,170,80,0
694,170,82.5,0
695,170,85,0
696,170,87.5,0
697,170,90,0
698,170,92.5,0
699,170,95,0
700,170,97.5,0
701,173,52.5,0
702,173,55,0
703,173,57.5,0
704,173,60,0
705,173,62.5,0
706,173,65,0
707,173,67.5,0
708,173,70,0
709,173,72.5,0
710,173,75,0
711,173,77.5,0
712,173,80,0
713,173,82.5,0
714,173,85,0
715,173,87.5,0
716,173,90,0
717,173,92.5,0
718,173,95,0
719,173,97.5,0
720,176,52.5,0
721,176,55,0
722,176,57.5,0
723,176,60,0
724,176,62.5,0
725,176,65,0
726,176,67.5,0
727,176,70,0
728,176,72.5,0
729,176,75,0
730,176,77.5,0
731,176,80,0
732,176,82.5,0
733,176,85,0
734,176,87.5,0
735,176,90,0
736,176,92.5,0
737,176,95,0
738,176,97.5,0
739,179,52.5,0
740,179,55,0
741,179,57.5,0
742,179,60,0
743,179,62.5,0
744,179,65,0
745,179,67.5,0
746,179,70,0
747,179,72.5,0
748,179,75,0
749,179,77.5,0
750,179,80,0
751,179,82.5,0
752,179,85,0
753,179,87.5,0
754,179,90,0
755,179,92.5,0
756,179,95,0
757,179,97.5,0
758,182,52.5,0
759,182,55,0
760,182,57.5,0
761,182,60,0
762,182,62.5,0
763,182,65,0
764,182,67.5,0
765,182,70,0
766,182,72.5,0
767,182,75,0
768,182,77.5,0
769,182,80,0
770,182,82.5,0
771,182,85,0
772,182,87.5,0
773,182,90,0
774,182,92.5,0
775,182,95,0
776,182,97.5,0
777,185,52.5,0
778,185,55,0
779,185,57.5,0
780,185,60,0
781,185,62.5,0
782,185,65,0
783,185,67.5,0
784,185,70,0
785,185,72.5,0
786,185,75,0
787,185,77.5,0
788,185,80,0
789,185,82.5,0
790,185,85,0
791,185,87.5,0
792,185,90,0
793,185,92.5,0
794,185,95,0
795,185,97.5,0
796,188,52.5,0
797,188,55,0
798,188,57.5,0
799,188,60,0
800,188,62.5,0
801,188,65,0
802,188,67.5,0
803,188,70,0
804,188,72.5,0
805,188,75,0
806,188,77.5,0
807,188,80,0
808,188,82.5,0
809,188,85,0
810,188,87.5,0
811,188,90,0
812,188,92.5,0
813,188,95,0
814,188,97.5,0
815,191,52.5,0
816,191,55,0
817,191,57.5,0
818,191,60,0
819,191,62.5,0
820,191,65,0
821,191,67.5,0
822,191,70,0
823,191,72.5,0
824,191,75,0
825,191,77.5,0
826,191,80,0
827,191,82.5,0
828,191,85,0
829,191,87.5,0
830,191,90,0
831,191,92.5,0
832,191,95,0
833,191,97.5,0
834,194,52.5,0
835,194,55,0
836,194,57.5,0
837,194,60,0
838,194,62.5,0
839,194,65,0
840,194,67.5,0
841,194,70,0
842,194,72.5,0
843,194,75,0
844,194,77.5,0
845,194,80,0
846,194,82.5,0
847,194,85,0
848,194,87.5,0
849,194,90,0
850,194,92.5,0
851,194,95,0
852,194,97.5,0
853,197,52.5,0
854,197,55,0
855,197,57.5,0
856,197,60,0
857,197,62.5,0
858,197,65,0
859,197,67.5,0
860,197,70,0
861,197,72.5,0
862,197,75,0
863,197,77.5,0
864,197,80,0
865,197,82.5,0
866,197,85,0
867,197,87.5,0
868,197,90,0
869,197,92.5,0
870,197,95,0
871,197,97.5,0
